0 2
1 36
2 6
3 29
4 0
5 2
6 2
7 1
8 23
9 6
10 14
11 0
12 13
13 25
14 31
15 3
16 45
17 33
18 19
19 21
20 37
21 27
22 28
23 2
24 2
25 40
26 18
27 41
28 0
29 6
30 0
31 31
32 39
33 2
34 34
35 2
36 2
37 17
38 6
39 6
40 42
41 31
42 48
43 7
44 47
45 5
46 8
47 9
48 46
49 30
50 27
51 27
52 43
53 13
54 2
55 2
56 2
57 38
58 13
59 6
60 4
61 4
62 27
63 27
64 13
65 6
66 13
67 10
68 50
69 11
70 12
71 32
72 6
73 31
74 6
75 6
76 15
77 35
78 13
79 24
80 16
81 13
82 22
83 31
84 13
85 44
86 13
87 13
88 13
89 26
90 20
91 20
92 31
93 26
94 26
95 27
96 27
97 27
98 27
99 49
100 51
101 31
102 31
103 52
104 31
105 31
106 31
107 31
108 31
109 31
110 31
111 53
112 53
113 50
114 50
115 48
116 45
117 45
118 45
119 45
120 45
121 45
122 45
123 45
124 40
125 40
126 36
127 36
128 36
129 33
130 33
131 33
132 29
133 29
134 28
135 25
136 25
137 23
138 23
139 23
140 23
141 23
142 23
143 23
144 23
145 23
146 23
147 21
148 21
149 21
150 21
151 21
152 19
153 19
154 18
155 18
156 18
157 18
158 18
159 17
160 14
161 14
162 14
163 14
164 14
165 14
166 14
167 14
168 14
169 14
170 14
171 14
172 14
173 14
174 14
175 3
176 3
177 3
178 3
179 3
180 3
181 3
182 3
183 3
184 3
185 3
186 3
187 3
188 3
189 3
190 1
191 1
192 1
193 1
194 1
195 1
196 1
197 1
198 1
199 1
